
[payload0]
m                              = 0.000000
cmx                            = 0.000000
cmy                            = 0.000000
cmz                            = 0.000000
ixx                            = 0.000000
ixy                            = 0.000000
ixz                            = 0.000000
iyy                            = 0.000000
iyz                            = 0.000000
izz                            = 0.000000

[payload3]
m                              = 0.000259
cmx                            = 0.992382
cmy                            = -16.825009
cmz                            = 73.721467
ixx                            = -6.146657
ixy                            = -6.885856
ixz                            = -1.573635
iyy                            = -12.828573
iyz                            = 2.515070
izz                            = -8.862580

[payload2]
m                              = 0.001290
cmx                            = 0.635296
cmy                            = 5.836982
cmz                            = 180.642543
ixx                            = -13.264285
ixy                            = 15.850255
ixz                            = -9.997401
iyy                            = -30.824888
iyz                            = -7.798228
izz                            = 15.624668

[payload110]
m                              = 0.003482
cmx                            = -0.625813
cmy                            = 0.282356
cmz                            = -4.259409
ixx                            = 0.517251
ixy                            = -13.955927
ixz                            = -6.640569
iyy                            = -52.374020
iyz                            = -40.862156
izz                            = -19.827115

